Goldman Sachs                                                                                              Weekly Fund Flows 

FX Flows 

                                                           FX Flows1 
                                      Millions USD                                   % AUM             Z-score of 
               4wk sum       23-Jul       16-Jul      9-Jul        2-Jul      4wk avg       23-Jul     4wk sum 
Total           78,381       24,695      18,841       19,058       15,788       0.15         0.19        2.20 
G10             41,136       13,691      12,694       7,380        7,371        0.12         0.16         1.43 
USD             17,938       6,283        5,544       2,865        3,246        0.09         0.13        0.35 
EUR             6,722        2,210        2,039        1,494        978         0.15         0.20        2.00 
GBP             6,227        1,696        2,019        1,144       1,367        0.17         0.19        2.43 
AUD              819          301         252          101          167         0.13         0.19         1.82 
NZD               75           22          18           20           14         0.18         0.22         1.84 
CAD              1,557        593          253         240          470         0.14         0.22        2.37 
CHF             2,154         687          580         481          406         0.15         0.19        2.10 
NOK              639          155          192         199          92          0.21         0.20        2.63 
SEK              1,439        413          330         390          305         0.18         0.21        2.43 
JPY              3,566       1,330        1,466        445          325         0.12         0.18         1.76 
Asia            11,478       4,086         825        3,867        2,700        0.17         0.23         1.81 
CNY             4,806        2,735        -197         1,349        920         0.19         0.43         1.33 
HKD              500          171          118         115          96          0.12         0.17         2.46 
INR              1,891        398         329          535          629         0.15         0.12         0.90 
KRW              1,297        263          250         483          301         0.17         0.14         1.87 
MYR              193          58           15           79          40          0.16         0.20         1.69 

SGD              596          -72          110         459          99          0.19         -0.09       3.24 
TWD              1,510        334          126         585          465         0.14         0.12        2.47 
THB              254          71           38           86           59         0.21         0.23         1.87 
IDR              328          91           40           129         68          0.15         0.17         1.61 
PHP              103          37           -2           47          22          0.13         0.18        1.80 
Americas        2,004         282          83          857          782         0.18         0.10         1.81 
ARS               -2          20           -59          25           13         0.00         0.19        -0.36 
BRL              1,179        108          66          468          537         0.21         0.08        2.09 
MXN              454          55           35          219          146         0.15         0.07         1.26 
CLP              133          31           16           46           40         0.16         0.15         1.50 
PEN               93          23            5           43          21          0.18         0.18         1.54 
COP              146          44           20           57          25          0.21         0.25         1.66 
EMEA             1,669        448         286          582          353         0.23         0.24        2.64 
CZK              165          46           36           49          33          0.25         0.28        2.21 
HUF               131         33           21           51          27          0.22         0.22        2.38 
PLN              428          138          78          136          77          0.28         0.36        3.31 
RON               73           22          11           30           10         0.23         0.27         1.39 
RUB               2            1            1           0            1          0.14         0.14        0.50 
TRY              148          29           20           68          31          0.23         0.18        2.32 
ILS              339          92           82           89          76          0.23         0.25        3.62 
ZAR              384          88           38          159          99          0.18         0.17         1.83 
Frontier         389          105          67          161          56          0.24         0.26        2.09 
UAH               9            3            1           4            1          0.21         0.30         1.53 
EGP               60           17           7           25           10         0.21         0.24         1.96 
NGN               20           6            2           10           2          0.19         0.24         1.39 
KWD               5            1            1           6            -2         0.06         0.03        0.51 
SAR              295          77           57          116          45          0.27         0.28        2.11 
Note: AUM is calculated at the domicile level. 
1. FX flows are measured as cross-border equity and fixed income fund flows (based on the domicile of underlying funds), excluding hard 
currency EM-bond funds and FX-hedged products. 

Source: EPFR, Goldman Sachs Global Investment Research 

25 July 2025                                                                                                             4